[iris]
exist=true
center_x=320.951
center_y=253.1
short_radius=74.418
long_radius=79.9122
rad_phi=0.0912279

[pupil]
exist=true
center_x=322.89
center_y=240.024
short_radius=32.431
long_radius=34.2328
rad_phi=1.46408
