[iris]
exist=true
center_x=319.875
center_y=252.141
short_radius=79.0516
long_radius=80.617
rad_phi=0.31805

[pupil]
exist=true
center_x=319.399
center_y=242.785
short_radius=38.406
long_radius=39.894
rad_phi=1.35857
