[iris]
exist=true
center_x=321.035
center_y=241.879
short_radius=83.6301
long_radius=85.5992
rad_phi=0.0349066

[pupil]
exist=true
center_x=323.004
center_y=240.998
short_radius=33.2422
long_radius=34.1286
rad_phi=1.23918
