[iris]
exist=true
center_x=321.739
center_y=241.794
short_radius=86.8874
long_radius=87.4084
rad_phi=4.92183

[pupil]
exist=true
center_x=318.994
center_y=244.858
short_radius=37.8298
long_radius=40.3025
rad_phi=0.733038
